data name: umls
model name: HRAN
learning rate: 0.001
entity dimension: 100
relation dimension: 100
batch size: 128
decay rate: 1.0
label smoothing: 0
convolution parameters: {'input_dropout': 0.2, 'hidden_dropout': 0.3, 'feature_map_dropout': 0.3, 'in_channels': 1, 'out_channels': 36, 'filt_height': 2, 'filt_width': 5}

Epoch	MR	MRR	Hits1	Hits3	Hits10	Best_MR	Best_MRR	Best_Hits1	Best_Hits3	Best_Hits10
3	38.18	0.129	0.058	0.114	0.256	38.18	0.129	0.058	0.114	0.256
6	30.68	0.201	0.096	0.218	0.406	30.68	0.201	0.096	0.218	0.406
9	32.13	0.262	0.175	0.291	0.413	30.68	0.262	0.175	0.291	0.413
12	30.57	0.252	0.158	0.270	0.439	30.57	0.262	0.175	0.291	0.439
15	29.89	0.309	0.228	0.335	0.456	29.89	0.309	0.228	0.335	0.456
18	28.74	0.288	0.187	0.330	0.459	28.74	0.309	0.228	0.335	0.459
21	27.04	0.308	0.221	0.324	0.464	27.04	0.309	0.228	0.335	0.464
24	24.76	0.344	0.253	0.370	0.508	24.76	0.344	0.253	0.370	0.508
27	25.14	0.357	0.279	0.371	0.522	24.76	0.357	0.279	0.371	0.522
30	24.36	0.374	0.299	0.388	0.521	24.36	0.374	0.299	0.388	0.522
33	22.02	0.413	0.349	0.408	0.549	22.02	0.413	0.349	0.408	0.549
36	20.59	0.425	0.358	0.425	0.564	20.59	0.425	0.358	0.425	0.564
39	18.92	0.442	0.366	0.447	0.597	18.92	0.442	0.366	0.447	0.597
42	19.18	0.458	0.396	0.453	0.595	18.92	0.458	0.396	0.453	0.597
45	15.49	0.500	0.428	0.500	0.666	15.49	0.500	0.428	0.500	0.666
48	13.01	0.556	0.480	0.567	0.735	13.01	0.556	0.480	0.567	0.735
51	12.40	0.571	0.495	0.584	0.758	12.40	0.571	0.495	0.584	0.758
54	11.75	0.613	0.547	0.623	0.776	11.75	0.613	0.547	0.623	0.776
57	10.47	0.649	0.579	0.672	0.797	10.47	0.649	0.579	0.672	0.797
60	9.34	0.673	0.606	0.699	0.819	9.34	0.673	0.606	0.699	0.819
63	8.30	0.698	0.632	0.723	0.838	8.30	0.698	0.632	0.723	0.838
66	7.93	0.732	0.678	0.748	0.850	7.93	0.732	0.678	0.748	0.850
69	8.10	0.736	0.683	0.755	0.851	7.93	0.736	0.683	0.755	0.851
72	7.17	0.758	0.707	0.778	0.861	7.17	0.758	0.707	0.778	0.861
75	7.38	0.759	0.710	0.777	0.862	7.17	0.759	0.710	0.778	0.862
78	6.88	0.769	0.723	0.784	0.863	6.88	0.769	0.723	0.784	0.863
81	6.45	0.782	0.737	0.799	0.869	6.45	0.782	0.737	0.799	0.869
84	6.41	0.785	0.741	0.799	0.867	6.41	0.785	0.741	0.799	0.869
87	6.34	0.783	0.735	0.799	0.873	6.34	0.785	0.741	0.799	0.873
90	5.32	0.798	0.752	0.815	0.886	5.32	0.798	0.752	0.815	0.886
93	4.78	0.813	0.772	0.828	0.902	4.78	0.813	0.772	0.828	0.902
96	4.89	0.815	0.775	0.827	0.905	4.78	0.815	0.775	0.828	0.905
99	4.56	0.828	0.790	0.839	0.915	4.56	0.828	0.790	0.839	0.915
102	4.45	0.826	0.790	0.834	0.913	4.45	0.828	0.790	0.839	0.915
105	4.02	0.837	0.800	0.848	0.919	4.02	0.837	0.800	0.848	0.919
108	3.76	0.843	0.804	0.852	0.930	3.76	0.843	0.804	0.852	0.930
111	3.94	0.843	0.804	0.856	0.926	3.76	0.843	0.804	0.856	0.930
114	3.71	0.856	0.818	0.868	0.935	3.71	0.856	0.818	0.868	0.935
117	3.35	0.866	0.831	0.877	0.944	3.35	0.866	0.831	0.877	0.944
120	3.24	0.867	0.828	0.884	0.947	3.24	0.867	0.831	0.884	0.947
123	3.15	0.878	0.844	0.896	0.946	3.15	0.878	0.844	0.896	0.947
126	3.03	0.880	0.843	0.896	0.955	3.03	0.880	0.844	0.896	0.955
129	2.72	0.890	0.856	0.908	0.963	2.72	0.890	0.856	0.908	0.963
132	2.66	0.901	0.870	0.918	0.963	2.66	0.901	0.870	0.918	0.963
135	2.61	0.903	0.872	0.920	0.968	2.61	0.903	0.872	0.920	0.968
138	2.48	0.908	0.878	0.924	0.970	2.48	0.908	0.878	0.924	0.970
141	2.33	0.914	0.886	0.929	0.970	2.33	0.914	0.886	0.929	0.970
144	2.44	0.918	0.891	0.933	0.969	2.33	0.918	0.891	0.933	0.970
147	2.28	0.921	0.893	0.939	0.977	2.28	0.921	0.893	0.939	0.977
150	2.11	0.928	0.905	0.943	0.976	2.11	0.928	0.905	0.943	0.977
153	1.96	0.932	0.905	0.951	0.980	1.96	0.932	0.905	0.951	0.980
156	1.94	0.937	0.913	0.951	0.979	1.94	0.937	0.913	0.951	0.980
159	1.87	0.941	0.920	0.958	0.978	1.87	0.941	0.920	0.958	0.980
162	1.70	0.945	0.924	0.958	0.984	1.70	0.945	0.924	0.958	0.984
165	1.74	0.945	0.924	0.960	0.985	1.70	0.945	0.924	0.960	0.985
168	1.66	0.947	0.926	0.963	0.987	1.66	0.947	0.926	0.963	0.987
171	1.58	0.955	0.936	0.966	0.989	1.58	0.955	0.936	0.966	0.989
174	1.58	0.955	0.936	0.969	0.988	1.58	0.955	0.936	0.969	0.989
177	1.55	0.956	0.936	0.971	0.989	1.55	0.956	0.936	0.971	0.989
180	1.52	0.960	0.943	0.972	0.991	1.52	0.960	0.943	0.972	0.991
183	1.60	0.957	0.937	0.978	0.989	1.52	0.960	0.943	0.978	0.991
186	1.54	0.958	0.937	0.978	0.990	1.52	0.960	0.943	0.978	0.991
189	1.48	0.963	0.946	0.976	0.990	1.48	0.963	0.946	0.978	0.991
192	1.48	0.966	0.952	0.977	0.991	1.48	0.966	0.952	0.978	0.991
195	1.45	0.966	0.950	0.980	0.992	1.45	0.966	0.952	0.980	0.992
198	1.44	0.963	0.946	0.977	0.993	1.44	0.966	0.952	0.980	0.993
201	1.42	0.968	0.952	0.980	0.993	1.42	0.968	0.952	0.980	0.993
204	1.37	0.971	0.957	0.983	0.992	1.37	0.971	0.957	0.983	0.993
207	1.37	0.972	0.959	0.983	0.995	1.37	0.972	0.959	0.983	0.995
210	1.35	0.968	0.952	0.982	0.992	1.35	0.972	0.959	0.983	0.995
213	1.37	0.967	0.949	0.984	0.993	1.35	0.972	0.959	0.984	0.995
216	1.39	0.965	0.946	0.983	0.992	1.35	0.972	0.959	0.984	0.995
219	1.37	0.971	0.957	0.983	0.992	1.35	0.972	0.959	0.984	0.995
222	1.37	0.970	0.955	0.984	0.992	1.35	0.972	0.959	0.984	0.995
225	1.37	0.973	0.959	0.987	0.992	1.35	0.973	0.959	0.987	0.995
228	1.36	0.969	0.952	0.984	0.994	1.35	0.973	0.959	0.987	0.995
231	1.30	0.974	0.960	0.987	0.995	1.30	0.974	0.960	0.987	0.995
234	1.31	0.974	0.959	0.987	0.995	1.30	0.974	0.960	0.987	0.995
237	1.26	0.973	0.958	0.988	0.995	1.26	0.974	0.960	0.988	0.995
240	1.25	0.973	0.958	0.986	0.994	1.25	0.974	0.960	0.988	0.995
243	1.25	0.976	0.965	0.986	0.994	1.25	0.976	0.965	0.988	0.995
246	1.28	0.972	0.957	0.986	0.993	1.25	0.976	0.965	0.988	0.995
249	1.24	0.975	0.962	0.986	0.995	1.24	0.976	0.965	0.988	0.995
252	1.28	0.973	0.958	0.986	0.992	1.24	0.976	0.965	0.988	0.995
255	1.23	0.974	0.961	0.988	0.993	1.23	0.976	0.965	0.988	0.995
258	1.19	0.975	0.962	0.990	0.995	1.19	0.976	0.965	0.990	0.995
261	1.23	0.974	0.961	0.987	0.994	1.19	0.976	0.965	0.990	0.995
264	1.19	0.977	0.964	0.989	0.995	1.19	0.977	0.965	0.990	0.995
267	1.19	0.979	0.967	0.992	0.994	1.19	0.979	0.967	0.992	0.995
270	1.19	0.976	0.963	0.989	0.995	1.19	0.979	0.967	0.992	0.995
273	1.19	0.976	0.964	0.989	0.995	1.19	0.979	0.967	0.992	0.995
276	1.18	0.977	0.964	0.989	0.994	1.18	0.979	0.967	0.992	0.995
279	1.21	0.974	0.961	0.987	0.992	1.18	0.979	0.967	0.992	0.995
282	1.19	0.974	0.961	0.987	0.993	1.18	0.979	0.967	0.992	0.995
285	1.19	0.975	0.962	0.986	0.995	1.18	0.979	0.967	0.992	0.995
288	1.16	0.974	0.960	0.986	0.995	1.16	0.979	0.967	0.992	0.995
291	1.16	0.975	0.962	0.988	0.995	1.16	0.979	0.967	0.992	0.995
294	1.14	0.976	0.962	0.989	0.997	1.14	0.979	0.967	0.992	0.997
297	1.15	0.972	0.955	0.989	0.998	1.14	0.979	0.967	0.992	0.998
300	1.12	0.977	0.962	0.990	0.998	1.12	0.979	0.967	0.992	0.998
303	1.14	0.976	0.963	0.986	0.997	1.12	0.979	0.967	0.992	0.998
306	1.14	0.976	0.964	0.988	0.996	1.12	0.979	0.967	0.992	0.998
309	1.14	0.975	0.960	0.987	0.998	1.12	0.979	0.967	0.992	0.998
312	1.14	0.974	0.961	0.986	0.997	1.12	0.979	0.967	0.992	0.998
315	1.16	0.970	0.954	0.983	0.996	1.12	0.979	0.967	0.992	0.998
318	1.23	0.970	0.955	0.984	0.992	1.12	0.979	0.967	0.992	0.998
321	1.19	0.973	0.959	0.985	0.995	1.12	0.979	0.967	0.992	0.998
324	1.14	0.973	0.958	0.987	0.996	1.12	0.979	0.967	0.992	0.998
327	1.26	0.970	0.955	0.983	0.994	1.12	0.979	0.967	0.992	0.998
330	1.23	0.972	0.956	0.984	0.995	1.12	0.979	0.967	0.992	0.998
333	1.17	0.975	0.962	0.986	0.995	1.12	0.979	0.967	0.992	0.998
336	1.17	0.973	0.956	0.987	0.997	1.12	0.979	0.967	0.992	0.998
339	1.15	0.975	0.960	0.990	0.996	1.12	0.979	0.967	0.992	0.998
342	1.18	0.970	0.952	0.984	0.996	1.12	0.979	0.967	0.992	0.998
345	1.16	0.974	0.958	0.988	0.995	1.12	0.979	0.967	0.992	0.998
348	1.16	0.973	0.958	0.986	0.997	1.12	0.979	0.967	0.992	0.998
351	1.16	0.974	0.958	0.989	0.996	1.12	0.979	0.967	0.992	0.998
354	1.13	0.975	0.961	0.986	0.996	1.12	0.979	0.967	0.992	0.998
357	1.17	0.969	0.951	0.984	0.995	1.12	0.979	0.967	0.992	0.998
360	1.17	0.974	0.961	0.986	0.994	1.12	0.979	0.967	0.992	0.998
363	1.15	0.974	0.959	0.987	0.997	1.12	0.979	0.967	0.992	0.998
366	1.19	0.970	0.955	0.983	0.995	1.12	0.979	0.967	0.992	0.998
369	1.19	0.973	0.959	0.984	0.994	1.12	0.979	0.967	0.992	0.998
372	1.14	0.976	0.961	0.989	0.995	1.12	0.979	0.967	0.992	0.998
375	1.18	0.973	0.959	0.983	0.996	1.12	0.979	0.967	0.992	0.998
378	1.18	0.973	0.958	0.986	0.995	1.12	0.979	0.967	0.992	0.998
381	1.18	0.975	0.961	0.989	0.995	1.12	0.979	0.967	0.992	0.998
384	1.19	0.974	0.958	0.990	0.995	1.12	0.979	0.967	0.992	0.998
387	1.19	0.974	0.962	0.985	0.995	1.12	0.979	0.967	0.992	0.998
390	1.18	0.973	0.958	0.986	0.995	1.12	0.979	0.967	0.992	0.998
393	1.23	0.971	0.955	0.983	0.995	1.12	0.979	0.967	0.992	0.998
396	1.20	0.973	0.958	0.986	0.994	1.12	0.979	0.967	0.992	0.998
399	1.17	0.972	0.955	0.986	0.995	1.12	0.979	0.967	0.992	0.998
402	1.17	0.972	0.956	0.986	0.995	1.12	0.979	0.967	0.992	0.998
405	1.19	0.971	0.956	0.983	0.994	1.12	0.979	0.967	0.992	0.998
408	1.21	0.971	0.956	0.981	0.996	1.12	0.979	0.967	0.992	0.998
411	1.21	0.970	0.956	0.980	0.996	1.12	0.979	0.967	0.992	0.998
414	1.23	0.967	0.951	0.979	0.995	1.12	0.979	0.967	0.992	0.998
417	1.18	0.972	0.958	0.983	0.997	1.12	0.979	0.967	0.992	0.998
420	1.19	0.970	0.954	0.983	0.996	1.12	0.979	0.967	0.992	0.998
423	1.23	0.973	0.960	0.983	0.994	1.12	0.979	0.967	0.992	0.998
426	1.21	0.972	0.958	0.982	0.994	1.12	0.979	0.967	0.992	0.998
429	1.21	0.974	0.960	0.984	0.994	1.12	0.979	0.967	0.992	0.998
432	1.18	0.975	0.961	0.986	0.995	1.12	0.979	0.967	0.992	0.998
435	1.20	0.975	0.961	0.987	0.995	1.12	0.979	0.967	0.992	0.998
438	1.22	0.972	0.957	0.986	0.995	1.12	0.979	0.967	0.992	0.998
441	1.20	0.973	0.959	0.985	0.995	1.12	0.979	0.967	0.992	0.998
444	1.24	0.972	0.955	0.986	0.994	1.12	0.979	0.967	0.992	0.998
447	1.18	0.975	0.960	0.989	0.995	1.12	0.979	0.967	0.992	0.998
450	1.20	0.971	0.955	0.985	0.993	1.12	0.979	0.967	0.992	0.998
453	1.18	0.973	0.958	0.986	0.995	1.12	0.979	0.967	0.992	0.998
456	1.17	0.972	0.956	0.986	0.995	1.12	0.979	0.967	0.992	0.998
459	1.19	0.971	0.955	0.984	0.995	1.12	0.979	0.967	0.992	0.998
462	1.22	0.968	0.951	0.980	0.994	1.12	0.979	0.967	0.992	0.998
465	1.19	0.969	0.952	0.983	0.996	1.12	0.979	0.967	0.992	0.998
468	1.19	0.968	0.952	0.983	0.995	1.12	0.979	0.967	0.992	0.998
471	1.20	0.968	0.952	0.977	0.996	1.12	0.979	0.967	0.992	0.998
474	1.20	0.967	0.949	0.981	0.996	1.12	0.979	0.967	0.992	0.998
477	1.18	0.968	0.951	0.982	0.995	1.12	0.979	0.967	0.992	0.998
480	1.27	0.966	0.949	0.979	0.993	1.12	0.979	0.967	0.992	0.998
483	1.20	0.970	0.954	0.983	0.995	1.12	0.979	0.967	0.992	0.998
486	1.19	0.971	0.954	0.985	0.994	1.12	0.979	0.967	0.992	0.998
489	1.18	0.970	0.952	0.986	0.995	1.12	0.979	0.967	0.992	0.998
492	1.22	0.965	0.946	0.983	0.994	1.12	0.979	0.967	0.992	0.998
495	1.16	0.967	0.949	0.982	0.996	1.12	0.979	0.967	0.992	0.998
498	1.19	0.969	0.954	0.984	0.995	1.12	0.979	0.967	0.992	0.998
501	1.16	0.970	0.952	0.983	0.998	1.12	0.979	0.967	0.992	0.998
504	1.17	0.971	0.955	0.984	0.996	1.12	0.979	0.967	0.992	0.998
507	1.19	0.969	0.952	0.986	0.994	1.12	0.979	0.967	0.992	0.998
510	1.16	0.971	0.954	0.985	0.998	1.12	0.979	0.967	0.992	0.998
513	1.23	0.967	0.949	0.986	0.995	1.12	0.979	0.967	0.992	0.998
516	1.20	0.969	0.950	0.985	0.996	1.12	0.979	0.967	0.992	0.998
519	1.16	0.972	0.957	0.984	0.995	1.12	0.979	0.967	0.992	0.998
522	1.21	0.966	0.947	0.983	0.995	1.12	0.979	0.967	0.992	0.998
525	1.20	0.966	0.946	0.983	0.996	1.12	0.979	0.967	0.992	0.998
528	1.14	0.970	0.952	0.988	0.996	1.12	0.979	0.967	0.992	0.998
531	1.20	0.965	0.946	0.981	0.995	1.12	0.979	0.967	0.992	0.998
534	1.17	0.967	0.948	0.985	0.997	1.12	0.979	0.967	0.992	0.998
537	1.20	0.968	0.950	0.984	0.994	1.12	0.979	0.967	0.992	0.998
540	1.19	0.969	0.952	0.984	0.995	1.12	0.979	0.967	0.992	0.998
543	1.16	0.966	0.945	0.984	0.997	1.12	0.979	0.967	0.992	0.998
546	1.18	0.966	0.946	0.980	0.995	1.12	0.979	0.967	0.992	0.998
549	1.20	0.966	0.949	0.978	0.995	1.12	0.979	0.967	0.992	0.998
552	1.17	0.969	0.954	0.983	0.997	1.12	0.979	0.967	0.992	0.998
555	1.19	0.962	0.941	0.980	0.996	1.12	0.979	0.967	0.992	0.998
558	1.15	0.969	0.952	0.983	0.998	1.12	0.979	0.967	0.992	0.998
561	1.19	0.966	0.946	0.979	0.995	1.12	0.979	0.967	0.992	0.998
564	1.19	0.971	0.955	0.985	0.995	1.12	0.979	0.967	0.992	0.998
567	1.18	0.969	0.952	0.978	0.997	1.12	0.979	0.967	0.992	0.998
570	1.18	0.970	0.953	0.983	0.997	1.12	0.979	0.967	0.992	0.998
573	1.18	0.971	0.955	0.983	0.995	1.12	0.979	0.967	0.992	0.998
576	1.21	0.969	0.952	0.985	0.995	1.12	0.979	0.967	0.992	0.998
579	1.20	0.970	0.955	0.981	0.996	1.12	0.979	0.967	0.992	0.998
582	1.23	0.966	0.948	0.980	0.995	1.12	0.979	0.967	0.992	0.998
585	1.22	0.965	0.946	0.979	0.996	1.12	0.979	0.967	0.992	0.998
588	1.21	0.964	0.944	0.981	0.995	1.12	0.979	0.967	0.992	0.998
591	1.17	0.970	0.954	0.982	0.995	1.12	0.979	0.967	0.992	0.998
594	1.19	0.970	0.955	0.984	0.996	1.12	0.979	0.967	0.992	0.998
597	1.19	0.969	0.950	0.986	0.996	1.12	0.979	0.967	0.992	0.998
600	1.18	0.971	0.954	0.987	0.996	1.12	0.979	0.967	0.992	0.998
603	1.19	0.971	0.956	0.982	0.996	1.12	0.979	0.967	0.992	0.998
606	1.18	0.969	0.950	0.986	0.997	1.12	0.979	0.967	0.992	0.998
609	1.18	0.969	0.952	0.984	0.997	1.12	0.979	0.967	0.992	0.998
612	1.20	0.967	0.949	0.983	0.996	1.12	0.979	0.967	0.992	0.998
615	1.17	0.967	0.946	0.985	0.997	1.12	0.979	0.967	0.992	0.998
618	1.18	0.969	0.951	0.983	0.996	1.12	0.979	0.967	0.992	0.998
621	1.20	0.965	0.944	0.981	0.996	1.12	0.979	0.967	0.992	0.998
624	1.19	0.968	0.949	0.983	0.996	1.12	0.979	0.967	0.992	0.998
627	1.21	0.965	0.945	0.983	0.997	1.12	0.979	0.967	0.992	0.998
630	1.21	0.966	0.948	0.983	0.995	1.12	0.979	0.967	0.992	0.998
633	1.20	0.964	0.943	0.983	0.995	1.12	0.979	0.967	0.992	0.998
636	1.19	0.967	0.949	0.983	0.997	1.12	0.979	0.967	0.992	0.998
639	1.21	0.967	0.949	0.984	0.994	1.12	0.979	0.967	0.992	0.998
642	1.23	0.964	0.943	0.980	0.993	1.12	0.979	0.967	0.992	0.998
645	1.19	0.967	0.948	0.984	0.995	1.12	0.979	0.967	0.992	0.998
648	1.20	0.970	0.954	0.986	0.995	1.12	0.979	0.967	0.992	0.998
651	1.22	0.969	0.952	0.982	0.993	1.12	0.979	0.967	0.992	0.998
654	1.24	0.966	0.946	0.984	0.993	1.12	0.979	0.967	0.992	0.998
657	1.23	0.965	0.943	0.982	0.995	1.12	0.979	0.967	0.992	0.998
660	1.19	0.967	0.948	0.984	0.996	1.12	0.979	0.967	0.992	0.998
663	1.18	0.969	0.950	0.986	0.995	1.12	0.979	0.967	0.992	0.998
666	1.18	0.970	0.952	0.986	0.996	1.12	0.979	0.967	0.992	0.998
669	1.20	0.966	0.947	0.982	0.995	1.12	0.979	0.967	0.992	0.998
672	1.21	0.967	0.949	0.982	0.995	1.12	0.979	0.967	0.992	0.998
675	1.21	0.967	0.947	0.984	0.996	1.12	0.979	0.967	0.992	0.998
678	1.22	0.970	0.953	0.983	0.993	1.12	0.979	0.967	0.992	0.998
681	1.21	0.967	0.950	0.980	0.995	1.12	0.979	0.967	0.992	0.998
684	1.19	0.965	0.946	0.981	0.997	1.12	0.979	0.967	0.992	0.998
687	1.17	0.970	0.952	0.985	0.995	1.12	0.979	0.967	0.992	0.998
690	1.21	0.968	0.949	0.984	0.995	1.12	0.979	0.967	0.992	0.998
693	1.23	0.965	0.946	0.980	0.992	1.12	0.979	0.967	0.992	0.998
696	1.20	0.965	0.944	0.983	0.996	1.12	0.979	0.967	0.992	0.998
699	1.21	0.966	0.948	0.983	0.997	1.12	0.979	0.967	0.992	0.998
702	1.25	0.962	0.940	0.981	0.995	1.12	0.979	0.967	0.992	0.998
705	1.24	0.966	0.948	0.982	0.994	1.12	0.979	0.967	0.992	0.998
708	1.21	0.967	0.948	0.981	0.997	1.12	0.979	0.967	0.992	0.998
711	1.19	0.969	0.949	0.985	0.995	1.12	0.979	0.967	0.992	0.998
714	1.24	0.967	0.949	0.980	0.994	1.12	0.979	0.967	0.992	0.998
717	1.22	0.969	0.954	0.982	0.995	1.12	0.979	0.967	0.992	0.998
720	1.22	0.967	0.948	0.983	0.994	1.12	0.979	0.967	0.992	0.998
723	1.27	0.965	0.948	0.979	0.995	1.12	0.979	0.967	0.992	0.998
726	1.23	0.963	0.941	0.982	0.996	1.12	0.979	0.967	0.992	0.998
729	1.21	0.967	0.947	0.984	0.995	1.12	0.979	0.967	0.992	0.998
732	1.19	0.965	0.943	0.986	0.995	1.12	0.979	0.967	0.992	0.998
735	1.21	0.963	0.943	0.980	0.995	1.12	0.979	0.967	0.992	0.998
738	1.32	0.959	0.937	0.976	0.992	1.12	0.979	0.967	0.992	0.998
741	1.29	0.961	0.939	0.983	0.993	1.12	0.979	0.967	0.992	0.998
744	1.30	0.962	0.943	0.980	0.992	1.12	0.979	0.967	0.992	0.998
747	1.23	0.966	0.947	0.983	0.995	1.12	0.979	0.967	0.992	0.998
750	1.31	0.966	0.949	0.980	0.993	1.12	0.979	0.967	0.992	0.998
753	1.24	0.966	0.949	0.980	0.995	1.12	0.979	0.967	0.992	0.998
756	1.26	0.963	0.943	0.980	0.994	1.12	0.979	0.967	0.992	0.998
759	1.23	0.969	0.952	0.981	0.994	1.12	0.979	0.967	0.992	0.998
762	1.20	0.969	0.951	0.984	0.995	1.12	0.979	0.967	0.992	0.998
765	1.21	0.968	0.950	0.983	0.997	1.12	0.979	0.967	0.992	0.998
768	1.22	0.964	0.943	0.980	0.997	1.12	0.979	0.967	0.992	0.998
771	1.21	0.968	0.951	0.982	0.996	1.12	0.979	0.967	0.992	0.998
774	1.20	0.967	0.949	0.983	0.996	1.12	0.979	0.967	0.992	0.998
777	1.20	0.969	0.952	0.983	0.996	1.12	0.979	0.967	0.992	0.998
780	1.20	0.967	0.949	0.983	0.996	1.12	0.979	0.967	0.992	0.998
783	1.18	0.971	0.955	0.986	0.998	1.12	0.979	0.967	0.992	0.998
786	1.16	0.974	0.960	0.985	0.998	1.12	0.979	0.967	0.992	0.998
789	1.18	0.970	0.952	0.986	0.995	1.12	0.979	0.967	0.992	0.998
792	1.21	0.962	0.939	0.982	0.996	1.12	0.979	0.967	0.992	0.998
795	1.22	0.963	0.942	0.980	0.995	1.12	0.979	0.967	0.992	0.998
798	1.19	0.967	0.947	0.983	0.996	1.12	0.979	0.967	0.992	0.998
801	1.18	0.968	0.950	0.984	0.998	1.12	0.979	0.967	0.992	0.998
804	1.18	0.967	0.949	0.982	0.998	1.12	0.979	0.967	0.992	0.998
807	1.18	0.968	0.947	0.985	0.995	1.12	0.979	0.967	0.992	0.998
810	1.20	0.967	0.950	0.982	0.995	1.12	0.979	0.967	0.992	0.998
813	1.17	0.968	0.949	0.985	0.998	1.12	0.979	0.967	0.992	0.998
816	1.21	0.965	0.946	0.981	0.997	1.12	0.979	0.967	0.992	0.998
819	1.24	0.959	0.936	0.981	0.995	1.12	0.979	0.967	0.992	0.998
822	1.23	0.962	0.940	0.981	0.995	1.12	0.979	0.967	0.992	0.998
825	1.20	0.965	0.946	0.982	0.998	1.12	0.979	0.967	0.992	0.998
828	1.18	0.972	0.956	0.986	0.997	1.12	0.979	0.967	0.992	0.998
831	1.20	0.969	0.952	0.983	0.995	1.12	0.979	0.967	0.992	0.998
834	1.19	0.971	0.958	0.982	0.995	1.12	0.979	0.967	0.992	0.998
837	1.20	0.971	0.955	0.983	0.995	1.12	0.979	0.967	0.992	0.998
840	1.20	0.964	0.942	0.980	0.996	1.12	0.979	0.967	0.992	0.998
843	1.20	0.968	0.952	0.983	0.996	1.12	0.979	0.967	0.992	0.998
846	1.22	0.968	0.950	0.981	0.995	1.12	0.979	0.967	0.992	0.998
849	1.19	0.968	0.950	0.983	0.997	1.12	0.979	0.967	0.992	0.998
852	1.19	0.963	0.941	0.980	0.998	1.12	0.979	0.967	0.992	0.998
855	1.21	0.968	0.952	0.980	0.995	1.12	0.979	0.967	0.992	0.998
858	1.20	0.969	0.951	0.984	0.996	1.12	0.979	0.967	0.992	0.998
861	1.24	0.965	0.946	0.977	0.995	1.12	0.979	0.967	0.992	0.998
864	1.24	0.965	0.945	0.980	0.995	1.12	0.979	0.967	0.992	0.998
867	1.23	0.964	0.943	0.980	0.997	1.12	0.979	0.967	0.992	0.998
870	1.23	0.963	0.943	0.978	0.996	1.12	0.979	0.967	0.992	0.998
873	1.22	0.962	0.943	0.977	0.996	1.12	0.979	0.967	0.992	0.998
876	1.20	0.963	0.942	0.982	0.995	1.12	0.979	0.967	0.992	0.998
879	1.20	0.966	0.946	0.980	0.996	1.12	0.979	0.967	0.992	0.998
882	1.20	0.966	0.948	0.980	0.998	1.12	0.979	0.967	0.992	0.998
885	1.21	0.967	0.950	0.979	0.996	1.12	0.979	0.967	0.992	0.998
888	1.21	0.967	0.950	0.980	0.996	1.12	0.979	0.967	0.992	0.998
891	1.21	0.966	0.948	0.980	0.997	1.12	0.979	0.967	0.992	0.998
894	1.22	0.965	0.946	0.981	0.998	1.12	0.979	0.967	0.992	0.998
897	1.18	0.973	0.959	0.983	0.997	1.12	0.979	0.967	0.992	0.998
900	1.19	0.971	0.957	0.983	0.997	1.12	0.979	0.967	0.992	0.998
903	1.19	0.972	0.957	0.983	0.997	1.12	0.979	0.967	0.992	0.998
906	1.23	0.966	0.946	0.981	0.997	1.12	0.979	0.967	0.992	0.998
909	1.22	0.967	0.949	0.983	0.996	1.12	0.979	0.967	0.992	0.998
912	1.22	0.965	0.946	0.980	0.997	1.12	0.979	0.967	0.992	0.998
915	1.18	0.969	0.952	0.982	0.998	1.12	0.979	0.967	0.992	0.998
918	1.19	0.968	0.950	0.983	0.998	1.12	0.979	0.967	0.992	0.998
921	1.19	0.971	0.955	0.984	0.997	1.12	0.979	0.967	0.992	0.998
924	1.22	0.968	0.949	0.984	0.997	1.12	0.979	0.967	0.992	0.998
927	1.21	0.967	0.948	0.986	0.997	1.12	0.979	0.967	0.992	0.998
930	1.19	0.971	0.955	0.984	0.997	1.12	0.979	0.967	0.992	0.998
933	1.17	0.968	0.949	0.985	0.998	1.12	0.979	0.967	0.992	0.998
936	1.17	0.970	0.952	0.986	0.998	1.12	0.979	0.967	0.992	0.998
939	1.19	0.970	0.953	0.984	0.997	1.12	0.979	0.967	0.992	0.998
942	1.19	0.970	0.954	0.982	0.997	1.12	0.979	0.967	0.992	0.998
945	1.21	0.967	0.949	0.984	0.996	1.12	0.979	0.967	0.992	0.998
948	1.18	0.971	0.955	0.983	0.998	1.12	0.979	0.967	0.992	0.998
951	1.18	0.971	0.955	0.984	0.996	1.12	0.979	0.967	0.992	0.998
954	1.16	0.970	0.952	0.987	0.998	1.12	0.979	0.967	0.992	0.998
957	1.17	0.967	0.947	0.986	0.998	1.12	0.979	0.967	0.992	0.998
960	1.16	0.970	0.954	0.983	0.998	1.12	0.979	0.967	0.992	0.998
963	1.21	0.964	0.944	0.980	0.996	1.12	0.979	0.967	0.992	0.998
966	1.19	0.968	0.949	0.980	0.996	1.12	0.979	0.967	0.992	0.998
969	1.17	0.972	0.956	0.983	0.995	1.12	0.979	0.967	0.992	0.998
972	1.19	0.968	0.950	0.986	0.996	1.12	0.979	0.967	0.992	0.998
975	1.18	0.968	0.949	0.983	0.995	1.12	0.979	0.967	0.992	0.998
978	1.17	0.973	0.959	0.983	0.995	1.12	0.979	0.967	0.992	0.998
981	1.20	0.967	0.948	0.984	0.996	1.12	0.979	0.967	0.992	0.998
984	1.17	0.970	0.953	0.984	0.996	1.12	0.979	0.967	0.992	0.998
987	1.21	0.967	0.949	0.980	0.995	1.12	0.979	0.967	0.992	0.998
990	1.17	0.970	0.954	0.984	0.996	1.12	0.979	0.967	0.992	0.998
993	1.20	0.967	0.946	0.983	0.996	1.12	0.979	0.967	0.992	0.998
996	1.19	0.969	0.950	0.985	0.996	1.12	0.979	0.967	0.992	0.998
999	1.19	0.969	0.951	0.985	0.996	1.12	0.979	0.967	0.992	0.998
1002	1.18	0.971	0.952	0.986	0.997	1.12	0.979	0.967	0.992	0.998
1005	1.23	0.966	0.946	0.983	0.995	1.12	0.979	0.967	0.992	0.998
1008	1.21	0.966	0.946	0.982	0.996	1.12	0.979	0.967	0.992	0.998
1011	1.21	0.965	0.946	0.983	0.996	1.12	0.979	0.967	0.992	0.998
1014	1.18	0.968	0.949	0.986	0.997	1.12	0.979	0.967	0.992	0.998
1017	1.17	0.969	0.949	0.986	0.996	1.12	0.979	0.967	0.992	0.998
1020	1.18	0.970	0.952	0.986	0.998	1.12	0.979	0.967	0.992	0.998
1023	1.19	0.969	0.952	0.983	0.996	1.12	0.979	0.967	0.992	0.998
1026	1.18	0.970	0.955	0.985	0.996	1.12	0.979	0.967	0.992	0.998
1029	1.19	0.972	0.955	0.986	0.997	1.12	0.979	0.967	0.992	0.998
1032	1.19	0.971	0.956	0.983	0.996	1.12	0.979	0.967	0.992	0.998
1035	1.22	0.967	0.946	0.984	0.995	1.12	0.979	0.967	0.992	0.998
1038	1.20	0.967	0.947	0.984	0.995	1.12	0.979	0.967	0.992	0.998
1041	1.22	0.968	0.949	0.983	0.996	1.12	0.979	0.967	0.992	0.998
1044	1.20	0.968	0.949	0.985	0.997	1.12	0.979	0.967	0.992	0.998
1047	1.25	0.965	0.946	0.983	0.995	1.12	0.979	0.967	0.992	0.998
1050	1.23	0.967	0.949	0.980	0.995	1.12	0.979	0.967	0.992	0.998
1053	1.21	0.968	0.949	0.980	0.996	1.12	0.979	0.967	0.992	0.998
1056	1.23	0.967	0.949	0.980	0.996	1.12	0.979	0.967	0.992	0.998
1059	1.21	0.970	0.955	0.980	0.996	1.12	0.979	0.967	0.992	0.998
1062	1.22	0.969	0.952	0.982	0.996	1.12	0.979	0.967	0.992	0.998
1065	1.21	0.966	0.947	0.980	0.997	1.12	0.979	0.967	0.992	0.998
1068	1.22	0.965	0.946	0.983	0.995	1.12	0.979	0.967	0.992	0.998
1071	1.18	0.971	0.954	0.984	0.997	1.12	0.979	0.967	0.992	0.998
1074	1.20	0.967	0.948	0.983	0.997	1.12	0.979	0.967	0.992	0.998
1077	1.21	0.967	0.949	0.980	0.995	1.12	0.979	0.967	0.992	0.998
1080	1.19	0.968	0.948	0.985	0.997	1.12	0.979	0.967	0.992	0.998
1083	1.20	0.967	0.949	0.983	0.995	1.12	0.979	0.967	0.992	0.998
1086	1.22	0.966	0.946	0.981	0.995	1.12	0.979	0.967	0.992	0.998
1089	1.23	0.968	0.952	0.982	0.998	1.12	0.979	0.967	0.992	0.998
1092	1.23	0.964	0.943	0.982	0.995	1.12	0.979	0.967	0.992	0.998
1095	1.21	0.966	0.947	0.982	0.996	1.12	0.979	0.967	0.992	0.998
1098	1.19	0.968	0.949	0.983	0.997	1.12	0.979	0.967	0.992	0.998
1101	1.19	0.970	0.952	0.985	0.997	1.12	0.979	0.967	0.992	0.998
1104	1.18	0.970	0.952	0.986	0.997	1.12	0.979	0.967	0.992	0.998
1107	1.20	0.968	0.950	0.982	0.997	1.12	0.979	0.967	0.992	0.998
1110	1.20	0.968	0.951	0.981	0.995	1.12	0.979	0.967	0.992	0.998
1113	1.20	0.969	0.952	0.981	0.996	1.12	0.979	0.967	0.992	0.998
1116	1.20	0.968	0.949	0.985	0.995	1.12	0.979	0.967	0.992	0.998
1119	1.23	0.966	0.947	0.982	0.995	1.12	0.979	0.967	0.992	0.998
1122	1.23	0.966	0.946	0.980	0.996	1.12	0.979	0.967	0.992	0.998
1125	1.23	0.966	0.947	0.981	0.995	1.12	0.979	0.967	0.992	0.998
1128	1.20	0.971	0.956	0.981	0.995	1.12	0.979	0.967	0.992	0.998
1131	1.22	0.968	0.952	0.980	0.997	1.12	0.979	0.967	0.992	0.998
1134	1.24	0.965	0.947	0.977	0.995	1.12	0.979	0.967	0.992	0.998
1137	1.21	0.968	0.949	0.982	0.996	1.12	0.979	0.967	0.992	0.998
1140	1.20	0.968	0.949	0.983	0.997	1.12	0.979	0.967	0.992	0.998
1143	1.22	0.967	0.950	0.980	0.997	1.12	0.979	0.967	0.992	0.998
1146	1.21	0.966	0.949	0.981	0.997	1.12	0.979	0.967	0.992	0.998
1149	1.22	0.967	0.949	0.982	0.995	1.12	0.979	0.967	0.992	0.998
1152	1.25	0.965	0.948	0.977	0.995	1.12	0.979	0.967	0.992	0.998
1155	1.25	0.964	0.944	0.980	0.995	1.12	0.979	0.967	0.992	0.998
1158	1.21	0.969	0.951	0.983	0.997	1.12	0.979	0.967	0.992	0.998
1161	1.19	0.968	0.949	0.985	0.996	1.12	0.979	0.967	0.992	0.998
1164	1.18	0.967	0.949	0.985	0.998	1.12	0.979	0.967	0.992	0.998
1167	1.18	0.969	0.949	0.986	0.997	1.12	0.979	0.967	0.992	0.998
1170	1.18	0.971	0.952	0.985	0.997	1.12	0.979	0.967	0.992	0.998
1173	1.18	0.969	0.949	0.988	0.997	1.12	0.979	0.967	0.992	0.998
1176	1.17	0.969	0.950	0.983	0.998	1.12	0.979	0.967	0.992	0.998
1179	1.20	0.967	0.948	0.983	0.998	1.12	0.979	0.967	0.992	0.998
1182	1.23	0.960	0.935	0.983	0.998	1.12	0.979	0.967	0.992	0.998
1185	1.19	0.969	0.950	0.986	0.998	1.12	0.979	0.967	0.992	0.998
1188	1.19	0.968	0.949	0.987	0.998	1.12	0.979	0.967	0.992	0.998
1191	1.19	0.968	0.949	0.984	0.997	1.12	0.979	0.967	0.992	0.998
1194	1.19	0.967	0.947	0.985	0.998	1.12	0.979	0.967	0.992	0.998
1197	1.19	0.969	0.950	0.984	0.997	1.12	0.979	0.967	0.992	0.998
1200	1.21	0.965	0.946	0.980	0.997	1.12	0.979	0.967	0.992	0.998
1203	1.20	0.967	0.947	0.983	0.997	1.12	0.979	0.967	0.992	0.998
1206	1.21	0.967	0.948	0.983	0.995	1.12	0.979	0.967	0.992	0.998
1209	1.20	0.971	0.956	0.983	0.998	1.12	0.979	0.967	0.992	0.998
1212	1.19	0.969	0.952	0.985	0.997	1.12	0.979	0.967	0.992	0.998
1215	1.19	0.970	0.952	0.986	0.997	1.12	0.979	0.967	0.992	0.998
1218	1.18	0.971	0.953	0.986	0.997	1.12	0.979	0.967	0.992	0.998
1221	1.19	0.970	0.954	0.983	0.996	1.12	0.979	0.967	0.992	0.998
1224	1.22	0.964	0.943	0.982	0.995	1.12	0.979	0.967	0.992	0.998
1227	1.22	0.964	0.942	0.984	0.994	1.12	0.979	0.967	0.992	0.998
1230	1.20	0.968	0.949	0.982	0.997	1.12	0.979	0.967	0.992	0.998
1233	1.22	0.966	0.947	0.981	0.995	1.12	0.979	0.967	0.992	0.998
1236	1.22	0.966	0.946	0.982	0.997	1.12	0.979	0.967	0.992	0.998
1239	1.23	0.963	0.941	0.982	0.997	1.12	0.979	0.967	0.992	0.998
1242	1.21	0.965	0.943	0.983	0.997	1.12	0.979	0.967	0.992	0.998
1245	1.20	0.965	0.945	0.984	0.997	1.12	0.979	0.967	0.992	0.998
1248	1.20	0.967	0.949	0.984	0.997	1.12	0.979	0.967	0.992	0.998
1251	1.20	0.969	0.951	0.984	0.995	1.12	0.979	0.967	0.992	0.998
1254	1.19	0.967	0.948	0.985	0.997	1.12	0.979	0.967	0.992	0.998
1257	1.20	0.968	0.948	0.986	0.996	1.12	0.979	0.967	0.992	0.998
1260	1.21	0.966	0.946	0.986	0.995	1.12	0.979	0.967	0.992	0.998
1263	1.19	0.967	0.947	0.985	0.998	1.12	0.979	0.967	0.992	0.998
1266	1.21	0.968	0.951	0.983	0.997	1.12	0.979	0.967	0.992	0.998
1269	1.21	0.964	0.943	0.985	0.997	1.12	0.979	0.967	0.992	0.998
1272	1.18	0.971	0.955	0.985	0.998	1.12	0.979	0.967	0.992	0.998
1275	1.18	0.969	0.952	0.986	0.998	1.12	0.979	0.967	0.992	0.998
1278	1.20	0.965	0.946	0.981	0.997	1.12	0.979	0.967	0.992	0.998
1281	1.21	0.966	0.947	0.982	0.995	1.12	0.979	0.967	0.992	0.998
1284	1.25	0.962	0.941	0.981	0.996	1.12	0.979	0.967	0.992	0.998
1287	1.21	0.964	0.943	0.983	0.997	1.12	0.979	0.967	0.992	0.998
1290	1.25	0.965	0.946	0.980	0.996	1.12	0.979	0.967	0.992	0.998
1293	1.20	0.968	0.949	0.986	0.996	1.12	0.979	0.967	0.992	0.998
1296	1.22	0.968	0.950	0.983	0.995	1.12	0.979	0.967	0.992	0.998
1299	1.22	0.969	0.952	0.982	0.995	1.12	0.979	0.967	0.992	0.998
1302	1.22	0.967	0.950	0.979	0.994	1.12	0.979	0.967	0.992	0.998
1305	1.21	0.968	0.950	0.982	0.996	1.12	0.979	0.967	0.992	0.998
1308	1.20	0.967	0.949	0.980	0.997	1.12	0.979	0.967	0.992	0.998
1311	1.22	0.963	0.944	0.981	0.996	1.12	0.979	0.967	0.992	0.998
1314	1.23	0.964	0.945	0.980	0.996	1.12	0.979	0.967	0.992	0.998
1317	1.23	0.962	0.940	0.983	0.997	1.12	0.979	0.967	0.992	0.998
1320	1.22	0.963	0.942	0.983	0.997	1.12	0.979	0.967	0.992	0.998
1323	1.24	0.961	0.939	0.982	0.995	1.12	0.979	0.967	0.992	0.998
1326	1.22	0.962	0.942	0.981	0.996	1.12	0.979	0.967	0.992	0.998
1329	1.20	0.964	0.944	0.981	0.998	1.12	0.979	0.967	0.992	0.998
1332	1.22	0.964	0.945	0.980	0.996	1.12	0.979	0.967	0.992	0.998
1335	1.23	0.965	0.947	0.980	0.996	1.12	0.979	0.967	0.992	0.998
1338	1.22	0.963	0.941	0.982	0.996	1.12	0.979	0.967	0.992	0.998
1341	1.21	0.966	0.946	0.983	0.997	1.12	0.979	0.967	0.992	0.998
1344	1.23	0.963	0.943	0.980	0.997	1.12	0.979	0.967	0.992	0.998
1347	1.21	0.967	0.949	0.986	0.997	1.12	0.979	0.967	0.992	0.998
1350	1.21	0.969	0.952	0.985	0.996	1.12	0.979	0.967	0.992	0.998
1353	1.21	0.966	0.947	0.981	0.997	1.12	0.979	0.967	0.992	0.998
1356	1.19	0.965	0.945	0.984	0.997	1.12	0.979	0.967	0.992	0.998
1359	1.19	0.967	0.949	0.984	0.998	1.12	0.979	0.967	0.992	0.998
1362	1.19	0.969	0.952	0.983	0.997	1.12	0.979	0.967	0.992	0.998
1365	1.18	0.968	0.950	0.984	0.998	1.12	0.979	0.967	0.992	0.998
1368	1.21	0.967	0.950	0.980	0.998	1.12	0.979	0.967	0.992	0.998
1371	1.21	0.966	0.949	0.979	0.998	1.12	0.979	0.967	0.992	0.998
1374	1.19	0.967	0.949	0.983	0.998	1.12	0.979	0.967	0.992	0.998
1377	1.19	0.969	0.952	0.983	0.997	1.12	0.979	0.967	0.992	0.998
1380	1.19	0.969	0.952	0.982	0.998	1.12	0.979	0.967	0.992	0.998
1383	1.20	0.968	0.949	0.983	0.997	1.12	0.979	0.967	0.992	0.998
1386	1.21	0.969	0.951	0.984	0.995	1.12	0.979	0.967	0.992	0.998
1389	1.20	0.968	0.949	0.983	0.998	1.12	0.979	0.967	0.992	0.998
1392	1.21	0.967	0.948	0.982	0.997	1.12	0.979	0.967	0.992	0.998
1395	1.22	0.968	0.949	0.983	0.995	1.12	0.979	0.967	0.992	0.998
1398	1.20	0.966	0.947	0.982	0.998	1.12	0.979	0.967	0.992	0.998
1401	1.19	0.967	0.948	0.985	0.999	1.12	0.979	0.967	0.992	0.999
1404	1.21	0.968	0.950	0.983	0.997	1.12	0.979	0.967	0.992	0.999
1407	1.18	0.971	0.954	0.983	0.998	1.12	0.979	0.967	0.992	0.999
1410	1.18	0.968	0.949	0.985	0.997	1.12	0.979	0.967	0.992	0.999
1413	1.19	0.967	0.948	0.983	0.998	1.12	0.979	0.967	0.992	0.999
1416	1.20	0.965	0.946	0.981	0.998	1.12	0.979	0.967	0.992	0.999
1419	1.19	0.966	0.946	0.981	0.998	1.12	0.979	0.967	0.992	0.999
1422	1.18	0.966	0.946	0.982	0.998	1.12	0.979	0.967	0.992	0.999
1425	1.17	0.969	0.950	0.984	0.998	1.12	0.979	0.967	0.992	0.999
1428	1.19	0.966	0.946	0.982	0.998	1.12	0.979	0.967	0.992	0.999
1431	1.23	0.963	0.943	0.979	0.997	1.12	0.979	0.967	0.992	0.999
1434	1.20	0.966	0.947	0.983	0.998	1.12	0.979	0.967	0.992	0.999
1437	1.19	0.967	0.948	0.983	0.998	1.12	0.979	0.967	0.992	0.999
1440	1.19	0.968	0.949	0.983	0.997	1.12	0.979	0.967	0.992	0.999
1443	1.20	0.966	0.944	0.983	0.998	1.12	0.979	0.967	0.992	0.999
1446	1.19	0.967	0.947	0.981	0.999	1.12	0.979	0.967	0.992	0.999
1449	1.19	0.967	0.949	0.981	0.998	1.12	0.979	0.967	0.992	0.999
1452	1.18	0.968	0.949	0.982	0.998	1.12	0.979	0.967	0.992	0.999
1455	1.18	0.969	0.952	0.982	0.998	1.12	0.979	0.967	0.992	0.999
1458	1.18	0.968	0.950	0.983	0.997	1.12	0.979	0.967	0.992	0.999
1461	1.21	0.966	0.947	0.980	0.996	1.12	0.979	0.967	0.992	0.999
1464	1.23	0.967	0.949	0.977	0.995	1.12	0.979	0.967	0.992	0.999
1467	1.17	0.967	0.946	0.986	0.997	1.12	0.979	0.967	0.992	0.999
1470	1.17	0.969	0.951	0.983	0.998	1.12	0.979	0.967	0.992	0.999
1473	1.18	0.968	0.950	0.981	0.998	1.12	0.979	0.967	0.992	0.999
1476	1.20	0.968	0.951	0.981	0.996	1.12	0.979	0.967	0.992	0.999
1479	1.19	0.966	0.946	0.983	0.998	1.12	0.979	0.967	0.992	0.999
1482	1.18	0.968	0.948	0.983	0.998	1.12	0.979	0.967	0.992	0.999
1485	1.18	0.971	0.952	0.983	0.998	1.12	0.979	0.967	0.992	0.999
1488	1.21	0.965	0.943	0.983	0.997	1.12	0.979	0.967	0.992	0.999
1491	1.20	0.968	0.950	0.985	0.998	1.12	0.979	0.967	0.992	0.999
1494	1.18	0.968	0.950	0.983	0.997	1.12	0.979	0.967	0.992	0.999
1497	1.18	0.970	0.952	0.983	0.998	1.12	0.979	0.967	0.992	0.999
1500	1.19	0.966	0.946	0.984	0.998	1.12	0.979	0.967	0.992	0.999
